structure(list(continent = structure(c(1L, 3L, 5L, 4L, 2L), .Label = c("Africa", 
"Oceania", "Americas", "Europe", "Asia"), class = "factor"), 
    gdp_range = c(21710.0458835, 41750.015936, 113192.1329, 48383.6569752, 
    24395.7718)), class = c("tbl_df", "tbl", "data.frame"), row.names = c(NA, 
-5L))
